Похибка апроксимації |f(x) - φ(x)| для m = 1..4
       x |        m=1 |        m=2 |        m=3 |        m=4
------------------------------------------------------------
   1.000 |     9.8433 |     7.4138 |     5.1308 |     7.8859
   1.048 |     9.7610 |     7.3632 |     5.1438 |     7.2085
   1.096 |     9.6787 |     7.3124 |     5.1559 |     6.5451
   1.144 |     9.5963 |     7.2615 |     5.1673 |     5.8953
   1.192 |     9.5140 |     7.2105 |     5.1779 |     5.2592
   1.240 |     9.4317 |     7.1593 |     5.1876 |     4.6367
   1.287 |     9.3493 |     7.1080 |     5.1966 |     4.0274
   1.335 |     9.2670 |     7.0565 |     5.2047 |     3.4314
   1.383 |     9.1847 |     7.0049 |     5.2121 |     2.8485
   1.431 |     9.1023 |     6.9532 |     5.2187 |     2.2786
   1.479 |     9.0200 |     6.9014 |     5.2245 |     1.7216
   1.527 |     8.9377 |     6.8494 |     5.2295 |     1.1772
   1.575 |     8.8553 |     6.7973 |     5.2337 |     0.6455
   1.623 |     8.7730 |     6.7451 |     5.2372 |     0.1262
   1.671 |     8.6907 |     6.6927 |     5.2399 |     0.3807
   1.719 |     8.6083 |     6.6402 |     5.2418 |     0.8755
   1.767 |     8.5260 |     6.5876 |     5.2429 |     1.3581
   1.815 |     8.4437 |     6.5348 |     5.2432 |     1.8288
   1.862 |     8.3613 |     6.4819 |     5.2428 |     2.2876
   1.910 |     8.2790 |     6.4289 |     5.2417 |     2.7347
   1.958 |     8.1967 |     6.3757 |     5.2397 |     3.1702
   2.006 |     8.0956 |     6.3037 |     5.2183 |     3.5755
   2.054 |     7.8695 |     6.1065 |     5.0711 |     3.8445
   2.102 |     7.6434 |     5.9092 |     4.9232 |     4.1022
   2.150 |     7.4173 |     5.7117 |     4.7745 |     4.3488
   2.198 |     7.1913 |     5.5141 |     4.6251 |     4.5845
   2.246 |     6.9652 |     5.3164 |     4.4749 |     4.8092
   2.294 |     6.7391 |     5.1186 |     4.3240 |     5.0232
   2.342 |     6.5130 |     4.9206 |     4.1724 |     5.2266
   2.390 |     6.2869 |     4.7225 |     4.0200 |     5.4195
   2.437 |     6.0608 |     4.5243 |     3.8669 |     5.6019
   2.485 |     5.8348 |     4.3259 |     3.7130 |     5.7741
   2.533 |     5.6087 |     4.1274 |     3.5585 |     5.9362
   2.581 |     5.3826 |     3.9288 |     3.4032 |     6.0882
   2.629 |     5.1565 |     3.7300 |     3.2472 |     6.2302
   2.677 |     4.9304 |     3.5311 |     3.0905 |     6.3625
   2.725 |     4.7043 |     3.3321 |     2.9330 |     6.4850
   2.773 |     4.4783 |     3.1329 |     2.7749 |     6.5980
   2.821 |     4.2522 |     2.9336 |     2.6160 |     6.7015
   2.869 |     4.0261 |     2.7342 |     2.4565 |     6.7956
   2.917 |     3.8000 |     2.5346 |     2.2962 |     6.8805
   2.965 |     3.5739 |     2.3350 |     2.1352 |     6.9562
   3.012 |     3.3478 |     2.1351 |     1.9736 |     7.0229
   3.060 |     3.1218 |     1.9352 |     1.8112 |     7.0807
   3.108 |     2.8957 |     1.7351 |     1.6482 |     7.1297
   3.156 |     2.6696 |     1.5349 |     1.4844 |     7.1700
   3.204 |     2.4435 |     1.3345 |     1.3200 |     7.2017
   3.252 |     2.2174 |     1.1340 |     1.1549 |     7.2250
   3.300 |     1.9913 |     0.9334 |     0.9891 |     7.2398
   3.348 |     1.7653 |     0.7327 |     0.8227 |     7.2464
   3.396 |     1.5392 |     0.5318 |     0.6556 |     7.2449
   3.444 |     1.3131 |     0.3308 |     0.4878 |     7.2353
   3.492 |     1.0870 |     0.1296 |     0.3193 |     7.2177
   3.540 |     0.8609 |     0.0717 |     0.1501 |     7.1923
   3.587 |     0.6348 |     0.2731 |     0.0197 |     7.1592
   3.635 |     0.4088 |     0.4746 |     0.1901 |     7.1184
   3.683 |     0.1827 |     0.6763 |     0.3612 |     7.0702
   3.731 |     0.0434 |     0.8781 |     0.5330 |     7.0144
   3.779 |     0.2695 |     1.0801 |     0.7054 |     6.9514
   3.827 |     0.4956 |     1.2821 |     0.8785 |     6.8812
   3.875 |     0.7217 |     1.4843 |     1.0522 |     6.8038
   3.923 |     0.9477 |     1.6867 |     1.2266 |     6.7194
   3.971 |     1.1738 |     1.8891 |     1.4016 |     6.6281
   4.019 |     1.3999 |     2.0917 |     1.5772 |     6.5299
   4.067 |     1.6260 |     2.2945 |     1.7535 |     6.4251
   4.115 |     1.8521 |     2.4973 |     1.9304 |     6.3136
   4.162 |     2.0782 |     2.7003 |     2.1079 |     6.1956
   4.210 |     2.3042 |     2.9035 |     2.2861 |     6.0712
   4.258 |     2.5303 |     3.1067 |     2.4648 |     5.9405
   4.306 |     2.7564 |     3.3101 |     2.6442 |     5.8035
   4.354 |     2.9825 |     3.5137 |     2.8242 |     5.6604
   4.402 |     3.2086 |     3.7173 |     3.0049 |     5.5112
   4.450 |     3.4347 |     3.9211 |     3.1861 |     5.3561
   4.498 |     3.6607 |     4.1250 |     3.3680 |     5.1951
   4.546 |     3.8868 |     4.3291 |     3.5504 |     5.0284
   4.594 |     4.1129 |     4.5333 |     3.7335 |     4.8560
   4.642 |     4.3390 |     4.7376 |     3.9172 |     4.6781
   4.690 |     4.5651 |     4.9421 |     4.1014 |     4.4946
   4.737 |     4.7912 |     5.1467 |     4.2863 |     4.3058
   4.785 |     5.0172 |     5.3514 |     4.4717 |     4.1117
   4.833 |     5.2433 |     5.5562 |     4.6577 |     3.9124
   4.881 |     5.4694 |     5.7612 |     4.8444 |     3.7079
   4.929 |     5.6955 |     5.9663 |     5.0316 |     3.4984
   4.977 |     5.9216 |     6.1716 |     5.2194 |     3.2840
   5.025 |     6.1477 |     6.3769 |     5.4077 |     3.0648
   5.073 |     6.3737 |     6.5825 |     5.5966 |     2.8407
   5.121 |     6.5998 |     6.7881 |     5.7862 |     2.6120
   5.169 |     6.8259 |     6.9939 |     5.9762 |     2.3787
   5.217 |     7.0520 |     7.1998 |     6.1669 |     2.1409
   5.265 |     7.2781 |     7.4058 |     6.3581 |     1.8987
   5.312 |     7.5042 |     7.6120 |     6.5499 |     1.6522
   5.360 |     7.7302 |     7.8183 |     6.7422 |     1.4014
   5.408 |     7.9563 |     8.0248 |     6.9351 |     1.1464
   5.456 |     8.1824 |     8.2313 |     7.1285 |     0.8874
   5.504 |     8.4085 |     8.4380 |     7.3225 |     0.6243
   5.552 |     8.6346 |     8.6449 |     7.5170 |     0.3574
   5.600 |     8.8607 |     8.8518 |     7.7121 |     0.0866
   5.648 |     9.0867 |     9.0589 |     7.9077 |     0.1880
   5.696 |     9.3128 |     9.2662 |     8.1038 |     0.4662
   5.744 |     9.5389 |     9.4735 |     8.3005 |     0.7480
   5.792 |     9.7650 |     9.6810 |     8.4977 |     1.0333
   5.840 |     9.9911 |     9.8887 |     8.6955 |     1.3221
   5.887 |    10.2172 |    10.0964 |     8.8938 |     1.6142
   5.935 |    10.4432 |    10.3043 |     9.0926 |     1.9096
   5.983 |    10.6693 |    10.5123 |     9.2919 |     2.2082
   6.031 |    10.8329 |    10.6580 |     9.4292 |     2.4474
   6.079 |    10.9632 |    10.7705 |     9.5337 |     2.6563
   6.127 |    11.0934 |    10.8830 |     9.6388 |     2.8682
   6.175 |    11.2237 |    10.9958 |     9.7443 |     3.0830
   6.223 |    11.3539 |    11.1086 |     9.8503 |     3.3006
   6.271 |    11.4842 |    11.2216 |     9.9569 |     3.5210
   6.319 |    11.6144 |    11.3347 |    10.0640 |     3.7440
   6.367 |    11.7447 |    11.4480 |    10.1715 |     3.9696
   6.415 |    11.8749 |    11.5614 |    10.2795 |     4.1978
   6.462 |    12.0052 |    11.6749 |    10.3881 |     4.4284
   6.510 |    12.1354 |    11.7885 |    10.4971 |     4.6614
   6.558 |    12.2657 |    11.9023 |    10.6066 |     4.8967
   6.606 |    12.3959 |    12.0162 |    10.7166 |     5.1343
   6.654 |    12.5262 |    12.1303 |    10.8271 |     5.3740
   6.702 |    12.6564 |    12.2444 |    10.9381 |     5.6158
   6.750 |    12.7867 |    12.3587 |    11.0495 |     5.8597
   6.798 |    12.9169 |    12.4732 |    11.1614 |     6.1055
   6.846 |    13.0472 |    12.5878 |    11.2738 |     6.3533
   6.894 |    13.1774 |    12.7025 |    11.3866 |     6.6028
   6.942 |    13.3077 |    12.8173 |    11.4999 |     6.8542
   6.990 |    13.4379 |    12.9323 |    11.6137 |     7.1072
   7.037 |    13.4182 |    12.8974 |    11.5779 |     7.2118
   7.085 |    13.3568 |    12.8209 |    11.5009 |     7.2764
   7.133 |    13.2953 |    12.7446 |    11.4244 |     7.3425
   7.181 |    13.2339 |    12.6685 |    11.3483 |     7.4100
   7.229 |    13.1725 |    12.5924 |    11.2727 |     7.4789
   7.277 |    13.1111 |    12.5165 |    11.1975 |     7.5491
   7.325 |    13.0497 |    12.4408 |    11.1228 |     7.6205
   7.373 |    12.9883 |    12.3651 |    11.0484 |     7.6932
   7.421 |    12.9268 |    12.2896 |    10.9746 |     7.7669
   7.469 |    12.8654 |    12.2143 |    10.9011 |     7.8418
   7.517 |    12.8040 |    12.1390 |    10.8281 |     7.9176
   7.565 |    12.7426 |    12.0639 |    10.7555 |     7.9944
   7.612 |    12.6812 |    11.9889 |    10.6834 |     8.0721
   7.660 |    12.6198 |    11.9141 |    10.6116 |     8.1506
   7.708 |    12.5583 |    11.8394 |    10.5403 |     8.2299
   7.756 |    12.4969 |    11.7648 |    10.4694 |     8.3099
   7.804 |    12.4355 |    11.6904 |    10.3989 |     8.3906
   7.852 |    12.3741 |    11.6160 |    10.3289 |     8.4719
   7.900 |    12.3127 |    11.5419 |    10.2592 |     8.5537
   7.948 |    12.2513 |    11.4678 |    10.1899 |     8.6360
   7.996 |    12.1898 |    11.3939 |    10.1210 |     8.7187
   8.044 |    11.9534 |    11.1451 |     9.8776 |     8.6269
   8.092 |    11.7003 |    10.8798 |     9.6178 |     8.5187
   8.140 |    11.4473 |    10.6146 |     9.3585 |     8.4107
   8.187 |    11.1942 |    10.3495 |     9.0995 |     8.3030
   8.235 |    10.9411 |    10.0846 |     8.8410 |     8.1955
   8.283 |    10.6880 |     9.8198 |     8.5828 |     8.0881
   8.331 |    10.4349 |     9.5552 |     8.3250 |     7.9808
   8.379 |    10.1818 |     9.2906 |     8.0676 |     7.8735
   8.427 |     9.9288 |     9.0262 |     7.8105 |     7.7661
   8.475 |     9.6757 |     8.7620 |     7.5539 |     7.6587
   8.523 |     9.4226 |     8.4979 |     7.2976 |     7.5511
   8.571 |     9.1695 |     8.2339 |     7.0416 |     7.4434
   8.619 |     8.9164 |     7.9700 |     6.7861 |     7.3355
   8.667 |     8.6633 |     7.7063 |     6.5309 |     7.2272
   8.715 |     8.4103 |     7.4427 |     6.2760 |     7.1187
   8.762 |     8.1572 |     7.1792 |     6.0215 |     7.0098
   8.810 |     7.9041 |     6.9159 |     5.7674 |     6.9005
   8.858 |     7.6510 |     6.6527 |     5.5136 |     6.7907
   8.906 |     7.3979 |     6.3896 |     5.2602 |     6.6805
   8.954 |     7.1448 |     6.1266 |     5.0071 |     6.5697
   9.002 |     6.8876 |     5.8597 |     4.7502 |     6.4541
   9.050 |     6.5387 |     5.5012 |     4.4019 |     6.2463
   9.098 |     6.1898 |     5.1428 |     4.0540 |     6.0378
   9.146 |     5.8408 |     4.7845 |     3.7064 |     5.8285
   9.194 |     5.4919 |     4.4264 |     3.3592 |     5.6186
   9.242 |     5.1430 |     4.0685 |     3.0123 |     5.4078
   9.290 |     4.7941 |     3.7106 |     2.6657 |     5.1962
   9.337 |     4.4452 |     3.3529 |     2.3194 |     4.9837
   9.385 |     4.0963 |     2.9953 |     1.9735 |     4.7703
   9.433 |     3.7473 |     2.6379 |     1.6278 |     4.5560
   9.481 |     3.3984 |     2.2806 |     1.2825 |     4.3407
   9.529 |     3.0495 |     1.9234 |     0.9375 |     4.1243
   9.577 |     2.7006 |     1.5663 |     0.5928 |     3.9069
   9.625 |     2.3517 |     1.2094 |     0.2484 |     3.6884
   9.673 |     2.0028 |     0.8526 |     0.0957 |     3.4688
   9.721 |     1.6538 |     0.4960 |     0.4395 |     3.2480
   9.769 |     1.3049 |     0.1394 |     0.7830 |     3.0260
   9.817 |     0.9560 |     0.2170 |     1.1262 |     2.8027
   9.865 |     0.6071 |     0.5732 |     1.4691 |     2.5782
   9.912 |     0.2582 |     0.9293 |     1.8117 |     2.3524
   9.960 |     0.0907 |     1.2853 |     2.1540 |     2.1253
  10.008 |     0.4230 |     1.6245 |     2.4794 |     1.9134
  10.056 |     0.6761 |     1.8844 |     2.7253 |     1.7793
  10.104 |     0.9292 |     2.1442 |     2.9710 |     1.6438
  10.152 |     1.1822 |     2.4038 |     3.2164 |     1.5068
  10.200 |     1.4353 |     2.6633 |     3.4615 |     1.3684
  10.248 |     1.6884 |     2.9227 |     3.7064 |     1.2284
  10.296 |     1.9415 |     3.1819 |     3.9509 |     1.0869
  10.344 |     2.1946 |     3.4410 |     4.1953 |     0.9438
  10.392 |     2.4477 |     3.7000 |     4.4393 |     0.7991
  10.440 |     2.7007 |     3.9588 |     4.6831 |     0.6527
  10.487 |     2.9538 |     4.2175 |     4.9267 |     0.5047
  10.535 |     3.2069 |     4.4761 |     5.1700 |     0.3551
  10.583 |     3.4600 |     4.7346 |     5.4130 |     0.2037
  10.631 |     3.7131 |     4.9929 |     5.6558 |     0.0506
  10.679 |     3.9662 |     5.2510 |     5.8984 |     0.1043
  10.727 |     4.2192 |     5.5091 |     6.1407 |     0.2609
  10.775 |     4.4723 |     5.7670 |     6.3828 |     0.4194
  10.823 |     4.7254 |     6.0248 |     6.6246 |     0.5797
  10.871 |     4.9785 |     6.2824 |     6.8663 |     0.7418
  10.919 |     5.2316 |     6.5399 |     7.1077 |     0.9058
  10.967 |     5.4847 |     6.7973 |     7.3488 |     1.0717
  11.015 |     5.7377 |     7.0546 |     7.5898 |     1.2395
  11.062 |     5.9908 |     7.3117 |     7.8305 |     1.4092
  11.110 |     6.2439 |     7.5687 |     8.0710 |     1.5809
  11.158 |     6.4970 |     7.8255 |     8.3113 |     1.7545
  11.206 |     6.7501 |     8.0823 |     8.5513 |     1.9301
  11.254 |     7.0032 |     8.3388 |     8.7912 |     2.1078
  11.302 |     7.2562 |     8.5953 |     9.0309 |     2.2874
  11.350 |     7.5093 |     8.8516 |     9.2703 |     2.4691
  11.398 |     7.7624 |     9.1078 |     9.5096 |     2.6529
  11.446 |     8.0155 |     9.3639 |     9.7486 |     2.8387
  11.494 |     8.2686 |     9.6198 |     9.9875 |     3.0266
  11.542 |     8.5217 |     9.8756 |    10.2262 |     3.2166
  11.590 |     8.7747 |    10.1313 |    10.4647 |     3.4088
  11.637 |     9.0278 |    10.3868 |    10.7030 |     3.6030
  11.685 |     9.2809 |    10.6422 |    10.9411 |     3.7994
  11.733 |     9.5340 |    10.8975 |    11.1790 |     3.9980
  11.781 |     9.7871 |    11.1526 |    11.4168 |     4.1987
  11.829 |    10.0402 |    11.4076 |    11.6543 |     4.4016
  11.877 |    10.2932 |    11.6625 |    11.8918 |     4.6066
  11.925 |    10.5463 |    11.9172 |    12.1290 |     4.8139
  11.973 |    10.7994 |    12.1718 |    12.3661 |     5.0234
  12.021 |    11.1567 |    12.5304 |    12.7072 |     5.3392
  12.069 |    11.6493 |    13.0244 |    13.1835 |     5.7927
  12.117 |    12.1420 |    13.5182 |    13.6597 |     6.2485
  12.165 |    12.6347 |    14.0118 |    14.1357 |     6.7064
  12.212 |    13.1273 |    14.5053 |    14.6115 |     7.1667
  12.260 |    13.6200 |    14.9987 |    15.0873 |     7.6291
  12.308 |    14.1127 |    15.4920 |    15.5628 |     8.0938
  12.356 |    14.6053 |    15.9851 |    16.0383 |     8.5608
  12.404 |    15.0980 |    16.4781 |    16.5136 |     9.0301
  12.452 |    15.5907 |    16.9710 |    16.9887 |     9.5016
  12.500 |    16.0833 |    17.4637 |    17.4637 |     9.9754
  12.548 |    16.5760 |    17.9563 |    17.9386 |    10.4515
  12.596 |    17.0687 |    18.4488 |    18.4134 |    10.9299
  12.644 |    17.5613 |    18.9411 |    18.8880 |    11.4106
  12.692 |    18.0540 |    19.4333 |    19.3625 |    11.8935
  12.740 |    18.5467 |    19.9254 |    19.8369 |    12.3787
  12.787 |    19.0393 |    20.4173 |    20.3111 |    12.8662
  12.835 |    19.5320 |    20.9091 |    20.7853 |    13.3560
  12.883 |    20.0247 |    21.4008 |    21.2593 |    13.8481
  12.931 |    20.5173 |    21.8924 |    21.7332 |    14.3425
  12.979 |    21.0100 |    22.3838 |    22.2071 |    14.8391
  13.027 |    20.8798 |    22.2521 |    22.0579 |    14.7152
  13.075 |    20.2703 |    21.6412 |    21.4294 |    14.1143
  13.123 |    19.6609 |    21.0301 |    20.8008 |    13.5157
  13.171 |    19.0515 |    20.4189 |    20.1722 |    12.9194
  13.219 |    18.4421 |    19.8076 |    19.5434 |    12.3253
  13.267 |    17.8327 |    19.1961 |    18.9146 |    11.7335
  13.315 |    17.2233 |    18.5845 |    18.2856 |    11.1440
  13.362 |    16.6138 |    17.9728 |    17.6566 |    10.5567
  13.410 |    16.0044 |    17.3609 |    17.0275 |     9.9716
  13.458 |    15.3950 |    16.7489 |    16.3984 |     9.3888
  13.506 |    14.7856 |    16.1368 |    15.7691 |     8.8082
  13.554 |    14.1762 |    15.5245 |    15.1398 |     8.2299
  13.602 |    13.5668 |    14.9122 |    14.5104 |     7.6537
  13.650 |    12.9573 |    14.2996 |    13.8809 |     7.0797
  13.698 |    12.3479 |    13.6870 |    13.2514 |     6.5080
  13.746 |    11.7385 |    13.0742 |    12.6218 |     5.9384
  13.794 |    11.1291 |    12.4613 |    11.9922 |     5.3710
  13.842 |    10.5197 |    11.8482 |    11.3625 |     4.8057
  13.890 |     9.9103 |    11.2350 |    10.7327 |     4.2426
  13.937 |     9.3008 |    10.6217 |    10.1029 |     3.6816
  13.985 |     8.6914 |    10.0082 |     9.4731 |     3.1228
  14.033 |     8.3820 |     9.6947 |     9.1432 |     2.8660
  14.081 |     8.2038 |     9.5122 |     8.9445 |     2.7426
  14.129 |     8.0257 |     9.3296 |     8.7458 |     2.6213
  14.177 |     7.8475 |     9.1469 |     8.5470 |     2.5020
  14.225 |     7.6693 |     8.9640 |     8.3482 |     2.3848
  14.273 |     7.4912 |     8.7810 |     8.1494 |     2.2696
  14.321 |     7.3130 |     8.5979 |     7.9505 |     2.1564
  14.369 |     7.1348 |     8.4146 |     7.7517 |     2.0452
  14.417 |     6.9567 |     8.2312 |     7.5528 |     1.9360
  14.465 |     6.7785 |     8.0477 |     7.3538 |     1.8288
  14.512 |     6.6003 |     7.8640 |     7.1549 |     1.7235
  14.560 |     6.4222 |     7.6803 |     6.9560 |     1.6201
  14.608 |     6.2440 |     7.4963 |     6.7570 |     1.5186
  14.656 |     6.0658 |     7.3123 |     6.5580 |     1.4190
  14.704 |     5.8877 |     7.1281 |     6.3591 |     1.3213
  14.752 |     5.7095 |     6.9438 |     6.1601 |     1.2253
  14.800 |     5.5313 |     6.7593 |     5.9611 |     1.1312
  14.848 |     5.3532 |     6.5747 |     5.7622 |     1.0389
  14.896 |     5.1750 |     6.3900 |     5.5632 |     0.9484
  14.944 |     4.9968 |     6.2052 |     5.3643 |     0.8596
  14.992 |     4.8187 |     6.0202 |     5.1653 |     0.7725
  15.040 |     4.5613 |     5.7559 |     4.8872 |     0.6080
  15.087 |     4.2873 |     5.4748 |     4.5925 |     0.4284
  15.135 |     4.0133 |     5.1936 |     4.2978 |     0.2505
  15.183 |     3.7393 |     4.9123 |     4.0031 |     0.0742
  15.231 |     3.4653 |     4.6308 |     3.7084 |     0.1005
  15.279 |     3.1913 |     4.3492 |     3.4138 |     0.2736
  15.327 |     2.9173 |     4.0675 |     3.1192 |     0.4453
  15.375 |     2.6433 |     3.7856 |     2.8246 |     0.6154
  15.423 |     2.3693 |     3.5036 |     2.5301 |     0.7840
  15.471 |     2.0953 |     3.2215 |     2.2356 |     0.9512
  15.519 |     1.8213 |     2.9392 |     1.9412 |     1.1170
  15.567 |     1.5473 |     2.6568 |     1.6468 |     1.2814
  15.615 |     1.2733 |     2.3743 |     1.3524 |     1.4444
  15.662 |     0.9993 |     2.0916 |     1.0581 |     1.6062
  15.710 |     0.7253 |     1.8088 |     0.7639 |     1.7666
  15.758 |     0.4513 |     1.5259 |     0.4697 |     1.9258
  15.806 |     0.1773 |     1.2428 |     0.1756 |     2.0838
  15.854 |     0.0967 |     0.9596 |     0.1185 |     2.2406
  15.902 |     0.3707 |     0.6763 |     0.4125 |     2.3962
  15.950 |     0.6447 |     0.3928 |     0.7064 |     2.5508
  15.998 |     0.9187 |     0.1092 |     1.0003 |     2.7042
  16.046 |     1.1927 |     0.1745 |     1.2940 |     2.8566
  16.094 |     1.4667 |     0.4583 |     1.5877 |     3.0080
  16.142 |     1.7407 |     0.7423 |     1.8814 |     3.1585
  16.190 |     2.0147 |     1.0264 |     2.1749 |     3.3080
  16.237 |     2.2887 |     1.3107 |     2.4684 |     3.4566
  16.285 |     2.5627 |     1.5951 |     2.7617 |     3.6044
  16.333 |     2.8367 |     1.8796 |     3.0550 |     3.7514
  16.381 |     3.1107 |     2.1642 |     3.3482 |     3.8976
  16.429 |     3.3847 |     2.4490 |     3.6412 |     4.0430
  16.477 |     3.6587 |     2.7339 |     3.9342 |     4.1878
  16.525 |     3.9327 |     3.0190 |     4.2271 |     4.3319
  16.573 |     4.2067 |     3.3042 |     4.5199 |     4.4754
  16.621 |     4.4807 |     3.5895 |     4.8125 |     4.6184
  16.669 |     4.7547 |     3.8749 |     5.1051 |     4.7608
  16.717 |     5.0287 |     4.1605 |     5.3975 |     4.9028
  16.765 |     5.3027 |     4.4462 |     5.6898 |     5.0444
  16.812 |     5.5767 |     4.7320 |     5.9820 |     5.1855
  16.860 |     5.8507 |     5.0180 |     6.2741 |     5.3263
  16.908 |     6.1247 |     5.3041 |     6.5661 |     5.4669
  16.956 |     6.3987 |     5.5904 |     6.8579 |     5.6072
  17.004 |     6.6518 |     5.8559 |     7.1287 |     5.7264
  17.052 |     6.6862 |     5.9028 |     7.1807 |     5.6268
  17.100 |     6.7207 |     5.9499 |     7.2325 |     5.5270
  17.148 |     6.7551 |     5.9970 |     7.2842 |     5.4272
  17.196 |     6.7895 |     6.0444 |     7.3358 |     5.3274
  17.244 |     6.8239 |     6.0918 |     7.3872 |     5.2277
  17.292 |     6.8583 |     6.1394 |     7.4384 |     5.1280
  17.340 |     6.8927 |     6.1871 |     7.4895 |     5.0285
  17.387 |     6.9272 |     6.2349 |     7.5405 |     4.9292
  17.435 |     6.9616 |     6.2829 |     7.5913 |     4.8301
  17.483 |     6.9960 |     6.3310 |     7.6419 |     4.7314
  17.531 |     7.0304 |     6.3793 |     7.6924 |     4.6330
  17.579 |     7.0648 |     6.4276 |     7.7427 |     4.5350
  17.627 |     7.0992 |     6.4761 |     7.7928 |     4.4375
  17.675 |     7.1337 |     6.5248 |     7.8428 |     4.3405
  17.723 |     7.1681 |     6.5735 |     7.8926 |     4.2441
  17.771 |     7.2025 |     6.6224 |     7.9422 |     4.1484
  17.819 |     7.2369 |     6.6715 |     7.9916 |     4.0533
  17.867 |     7.2713 |     6.7206 |     8.0409 |     3.9589
  17.915 |     7.3057 |     6.7699 |     8.0900 |     3.8654
  17.962 |     7.3402 |     6.8194 |     8.1388 |     3.7727
  18.010 |     7.3850 |     6.8794 |     8.1979 |     3.6914
  18.058 |     7.4673 |     6.9770 |     8.2943 |     3.6486
  18.106 |     7.5497 |     7.0747 |     8.3906 |     3.6068
  18.154 |     7.6320 |     7.1726 |     8.4866 |     3.5661
  18.202 |     7.7143 |     7.2706 |     8.5824 |     3.5265
  18.250 |     7.7967 |     7.3687 |     8.6780 |     3.4882
  18.298 |     7.8790 |     7.4670 |     8.7734 |     3.4512
  18.346 |     7.9613 |     7.5654 |     8.8686 |     3.4155
  18.394 |     8.0437 |     7.6640 |     8.9636 |     3.3812
  18.442 |     8.1260 |     7.7626 |     9.0583 |     3.3484
  18.490 |     8.2083 |     7.8614 |     9.1528 |     3.3171
  18.537 |     8.2907 |     7.9604 |     9.2472 |     3.2875
  18.585 |     8.3730 |     8.0594 |     9.3413 |     3.2595
  18.633 |     8.4553 |     8.1586 |     9.4351 |     3.2333
  18.681 |     8.5377 |     8.2580 |     9.5287 |     3.2088
  18.729 |     8.6200 |     8.3574 |     9.6221 |     3.1862
  18.777 |     8.7023 |     8.4570 |     9.7153 |     3.1656
  18.825 |     8.7847 |     8.5568 |     9.8082 |     3.1469
  18.873 |     8.8670 |     8.6566 |     9.9009 |     3.1304
  18.921 |     8.9493 |     8.7566 |     9.9933 |     3.1159
  18.969 |     9.0317 |     8.8567 |    10.0855 |     3.1037
  19.017 |     9.0640 |     8.9070 |    10.1275 |     3.0438
  19.065 |     9.0026 |     8.8636 |    10.0754 |     2.8924
  19.112 |     8.9412 |     8.8204 |    10.0231 |     2.7435
  19.160 |     8.8798 |     8.7773 |     9.9705 |     2.5971
  19.208 |     8.8183 |     8.7344 |     9.9176 |     2.4532
  19.256 |     8.7569 |     8.6915 |     9.8645 |     2.3120
  19.304 |     8.6955 |     8.6488 |     9.8112 |     2.1735
  19.352 |     8.6341 |     8.6063 |     9.7575 |     2.0378
  19.400 |     8.5727 |     8.5638 |     9.7036 |     1.9050
  19.448 |     8.5113 |     8.5215 |     9.6494 |     1.7750
  19.496 |     8.4498 |     8.4794 |     9.5949 |     1.6481
  19.544 |     8.3884 |     8.4373 |     9.5402 |     1.5243
  19.592 |     8.3270 |     8.3954 |     9.4851 |     1.4037
  19.640 |     8.2656 |     8.3536 |     9.4298 |     1.2862
  19.687 |     8.2042 |     8.3120 |     9.3742 |     1.1721
  19.735 |     8.1428 |     8.2705 |     9.3183 |     1.0614
  19.783 |     8.0813 |     8.2291 |     9.2620 |     0.9542
  19.831 |     8.0199 |     8.1879 |     9.2055 |     0.8506
  19.879 |     7.9585 |     8.1468 |     9.1487 |     0.7505
  19.927 |     7.8971 |     8.1058 |     9.0916 |     0.6542
  19.975 |     7.8357 |     8.0649 |     9.0342 |     0.5617
  20.023 |     7.7284 |     7.9784 |     8.9306 |     0.4272
  20.071 |     7.5712 |     7.8420 |     8.7767 |     0.2467
  20.119 |     7.4139 |     7.7057 |     8.6225 |     0.0703
  20.167 |     7.2567 |     7.5696 |     8.4680 |     0.1021
  20.215 |     7.0994 |     7.4335 |     8.3132 |     0.2702
  20.262 |     6.9422 |     7.2977 |     8.1580 |     0.4340
  20.310 |     6.7849 |     7.1619 |     8.0026 |     0.5935
  20.358 |     6.6277 |     7.0263 |     7.8467 |     0.7485
  20.406 |     6.4704 |     6.8908 |     7.6906 |     0.8989
  20.454 |     6.3132 |     6.7554 |     7.5341 |     1.0447
  20.502 |     6.1559 |     6.6202 |     7.3773 |     1.1858
  20.550 |     5.9987 |     6.4851 |     7.2201 |     1.3221
  20.598 |     5.8414 |     6.3502 |     7.0626 |     1.4535
  20.646 |     5.6842 |     6.2153 |     6.9047 |     1.5799
  20.694 |     5.5269 |     6.0806 |     6.7465 |     1.7012
  20.742 |     5.3697 |     5.9461 |     6.5880 |     1.8173
  20.790 |     5.2124 |     5.8116 |     6.4291 |     1.9282
  20.837 |     5.0552 |     5.6773 |     6.2698 |     2.0337
  20.885 |     4.8979 |     5.5432 |     6.1102 |     2.1338
  20.933 |     4.7407 |     5.4091 |     5.9502 |     2.2284
  20.981 |     4.5834 |     5.2752 |     5.7898 |     2.3173
  21.029 |     4.4262 |     5.1415 |     5.6291 |     2.4006
  21.077 |     4.2689 |     5.0078 |     5.4679 |     2.4780
  21.125 |     4.1117 |     4.8743 |     5.3065 |     2.5495
  21.173 |     3.9544 |     4.7410 |     5.1446 |     2.6150
  21.221 |     3.7972 |     4.6077 |     4.9824 |     2.6745
  21.269 |     3.6399 |     4.4746 |     4.8197 |     2.7277
  21.317 |     3.4827 |     4.3416 |     4.6567 |     2.7747
  21.365 |     3.3254 |     4.2088 |     4.4933 |     2.8152
  21.412 |     3.1682 |     4.0761 |     4.3295 |     2.8493
  21.460 |     3.0109 |     3.9435 |     4.1653 |     2.8769
  21.508 |     2.8537 |     3.8111 |     4.0007 |     2.8977
  21.556 |     2.6964 |     3.6787 |     3.8357 |     2.9118
  21.604 |     2.5392 |     3.5466 |     3.6704 |     2.9190
  21.652 |     2.3819 |     3.4145 |     3.5046 |     2.9192
  21.700 |     2.2247 |     3.2826 |     3.3383 |     2.9124
  21.748 |     2.0674 |     3.1508 |     3.1717 |     2.8983
  21.796 |     1.9102 |     3.0192 |     3.0047 |     2.8770
  21.844 |     1.7529 |     2.8876 |     2.8372 |     2.8484
  21.892 |     1.5957 |     2.7563 |     2.6693 |     2.8122
  21.940 |     1.4384 |     2.6250 |     2.5010 |     2.7685
  21.987 |     1.2812 |     2.4939 |     2.3323 |     2.7170
  22.035 |     1.0531 |     2.2920 |     2.0923 |     2.7287
  22.083 |     0.8000 |     2.0654 |     1.8269 |     2.7574
  22.131 |     0.5469 |     1.8388 |     1.5611 |     2.7781
  22.179 |     0.2938 |     1.6124 |     1.2948 |     2.7907
  22.227 |     0.0408 |     1.3861 |     1.0280 |     2.7951
  22.275 |     0.2123 |     1.1599 |     0.7608 |     2.7912
  22.323 |     0.4654 |     0.9339 |     0.4932 |     2.7788
  22.371 |     0.7185 |     0.7080 |     0.2251 |     2.7579
  22.419 |     0.9716 |     0.4822 |     0.0434 |     2.7284
  22.467 |     1.2247 |     0.2566 |     0.3124 |     2.6901
  22.515 |     1.4777 |     0.0311 |     0.5818 |     2.6429
  22.562 |     1.7308 |     0.1943 |     0.8517 |     2.5868
  22.610 |     1.9839 |     0.4195 |     1.1221 |     2.5216
  22.658 |     2.2370 |     0.6446 |     1.3929 |     2.4471
  22.706 |     2.4901 |     0.8696 |     1.6642 |     2.3634
  22.754 |     2.7432 |     1.0944 |     1.9360 |     2.2703
  22.802 |     2.9962 |     1.3191 |     2.2082 |     2.1676
  22.850 |     3.2493 |     1.5437 |     2.4809 |     2.0552
  22.898 |     3.5024 |     1.7682 |     2.7541 |     1.9332
  22.946 |     3.7555 |     1.9925 |     3.0278 |     1.8012
  22.994 |     4.0086 |     2.2167 |     3.3020 |     1.6592
  23.042 |     4.3450 |     2.5240 |     3.6600 |     1.5905
  23.090 |     4.6939 |     2.8438 |     4.0310 |     1.5240
  23.137 |     5.0428 |     3.1634 |     4.4025 |     1.4472
  23.185 |     5.3917 |     3.4829 |     4.7744 |     1.3600
  23.233 |     5.7407 |     3.8022 |     5.1469 |     1.2621
  23.281 |     6.0896 |     4.1214 |     5.5199 |     1.1536
  23.329 |     6.4385 |     4.4405 |     5.8934 |     1.0343
  23.377 |     6.7874 |     4.7595 |     6.2674 |     0.9040
  23.425 |     7.1363 |     5.0783 |     6.6419 |     0.7627
  23.473 |     7.4852 |     5.3970 |     7.0169 |     0.6102
  23.521 |     7.8342 |     5.7156 |     7.3925 |     0.4464
  23.569 |     8.1831 |     6.0340 |     7.7685 |     0.2712
  23.617 |     8.5320 |     6.3523 |     8.1451 |     0.0844
  23.665 |     8.8809 |     6.6704 |     8.5222 |     0.1140
  23.712 |     9.2298 |     6.9885 |     8.8998 |     0.3242
  23.760 |     9.5787 |     7.3064 |     9.2780 |     0.5463
  23.808 |     9.9277 |     7.6241 |     9.6567 |     0.7804
  23.856 |    10.2766 |     7.9417 |    10.0360 |     1.0267
  23.904 |    10.6255 |     8.2592 |    10.4157 |     1.2853
  23.952 |    10.9744 |     8.5766 |    10.7961 |     1.5562
  24.000 |    11.3233 |     8.8938 |    11.1769 |     1.8397
