2.499999999999432e+00
2.500000000000899e+00
2.500000000001208e+00
2.500000000001132e+00
2.500000000000995e+00
2.499999999999202e+00
2.499999999999616e+00
2.500000000000385e+00
2.500000000000584e+00
2.500000000000737e+00
2.500000000001236e+00
2.500000000000199e+00
2.500000000000558e+00
2.499999999999190e+00
2.500000000001394e+00
2.499999999998643e+00
2.499999999999565e+00
2.499999999999901e+00
2.500000000001194e+00
2.500000000000643e+00
2.500000000000911e+00
2.499999999998074e+00
2.500000000000398e+00
2.499999999998913e+00
2.500000000000854e+00
2.499999999999432e+00
2.499999999998796e+00
2.500000000000881e+00
2.500000000000579e+00
2.500000000000717e+00
2.500000000000614e+00
2.500000000000465e+00
2.500000000001309e+00
2.500000000000114e+00
2.499999999999476e+00
2.500000000000046e+00
2.500000000001287e+00
2.500000000000746e+00
2.500000000000072e+00
2.499999999999370e+00
2.499999999999254e+00
2.499999999999801e+00
2.499999999998208e+00
2.500000000000455e+00
2.500000000000142e+00
2.500000000000576e+00
2.499999999999218e+00
2.499999999999575e+00
2.500000000000057e+00
2.500000000000156e+00
2.499999999999154e+00
2.499999999999613e+00
2.499999999999318e+00
2.499999999999226e+00
2.499999999999677e+00
2.499999999998768e+00
2.500000000000391e+00
2.500000000001485e+00
2.499999999999822e+00
2.500000000000227e+00
2.499999999999858e+00
2.499999999999734e+00
2.500000000001187e+00
2.500000000001025e+00
2.499999999999702e+00
2.499999999999857e+00
2.499999999999376e+00
2.499999999999686e+00
2.500000000000320e+00
2.500000000001031e+00
2.500000000001442e+00
2.499999999999073e+00
2.500000000000419e+00
2.500000000000000e+00
2.499999999999449e+00
2.499999999999389e+00
2.499999999999444e+00
2.500000000000124e+00
2.500000000001226e+00
2.499999999999984e+00
2.499999999999559e+00
2.499999999999932e+00
2.499999999999121e+00
2.500000000000477e+00
2.499999999999060e+00
2.500000000000098e+00
2.500000000000425e+00
2.500000000001275e+00
2.499999999999629e+00
2.500000000000484e+00
2.499999999999559e+00
2.499999999999446e+00
2.499999999999510e+00
2.500000000001435e+00
2.499999999999184e+00
2.500000000000627e+00
2.500000000000326e+00
2.499999999998540e+00
2.500000000000227e+00
2.500000000000765e+00
