-1.490962831089534e+03
-1.084138422488547e+02
8.800665373622180e+02
-4.425529597482835e+02
8.022911542279346e+02
1.264987233365075e+03
-3.420677674373936e+03
1.297792587237765e+03
-2.213772963967699e+03
-1.440480580697874e+03
1.666473071299986e+03
2.698690910401270e+03
-1.884441265265436e+03
1.078608114155596e+03
8.301996347736738e+02
-6.876587665108952e+02
6.405110506329472e+02
-1.688298602251811e+03
1.559720448071083e+03
-7.051520057046050e+02
-2.528842834477880e+02
1.582740835785771e+03
-9.895235755757794e+02
-5.903036660856795e+02
2.108732987971684e+02
6.232040773297599e+02
-1.462684357903094e+03
-2.815776461240101e+02
4.732674375828476e+02
1.889750931435747e+03
-9.689689040356624e+02
-3.199215894698921e+02
-1.726631315964433e+03
4.797913044582289e+02
1.995758304583922e+03
-8.554515209580895e+02
-2.228733239025430e+03
1.875956789279985e+02
6.489432826545930e+02
-2.024858107438164e+03
-3.972826654482901e+01
-6.587481262140432e+02
-1.175256695988448e+03
-9.207597405512547e+02
-3.683044926639916e+02
-3.811222175233394e+01
2.349524220822818e+03
-2.067833561894911e+03
-1.852956176279346e+03
1.824836341926852e+03
-1.570003171886060e+03
6.057869440241481e+02
-4.958894811236854e+02
9.921159795442056e+02
-4.164736579684260e+02
-1.207052506105191e+02
-9.040025903496014e+02
1.260201765565916e+03
-1.583690317090407e+01
-1.029490397368879e+02
-3.195168751208573e+02
-2.395678906145462e+03
8.421516040063801e+02
9.084508418289897e+01
4.010206777935564e+02
-6.623073083530558e+02
-4.626145179747398e+02
3.301858046144205e+02
-3.874540268758710e+02
-7.822119042976767e+02
-8.390036456680317e+02
1.453592113790462e+03
-1.364131487744511e+03
-7.973707946804652e+02
-2.295539682645577e+03
-1.392029806923308e+02
4.268352964426928e+02
-1.475728687216307e+03
-2.735550376125616e+03
-1.048590942776648e+03
5.104106064657250e+02
-1.447340248443528e+03
-1.159109679855132e+03
5.326229562114929e+01
-1.378812989825761e+03
1.273144009463997e+03
-2.347028104628394e+03
-2.025260502718716e+03
-1.147709792695027e+03
9.167904298728797e+02
-8.775091365992960e+02
2.236353230960714e+03
3.612341283945727e+02
7.080745834499503e+02
-8.497305239853625e+02
-1.479023263335537e+03
-1.565456102782227e+03
-4.535525727738603e+02
1.455785528213107e+03
-1.138683988159513e+03
