1.167386173434624e+03
1.268511058966916e+03
1.365988868383464e+03
1.218041884249903e+03
1.469725640535452e+03
1.433544648018980e+03
8.434777334100066e+02
1.356465509272078e+03
1.074861281311650e+03
1.075709209455604e+03
1.556448752021397e+03
1.640293602205409e+03
1.092906941715404e+03
1.343872572255963e+03
1.364387910540773e+03
1.139051014086816e+03
1.274235449862643e+03
1.083564340410275e+03
1.423093125520089e+03
1.126246525231223e+03
1.170896581740952e+03
1.385763194169356e+03
1.213470948385589e+03
1.128836559102158e+03
1.222332583852675e+03
1.352763322814251e+03
1.105699399995691e+03
1.356218851134379e+03
1.334450772037434e+03
1.498604436042002e+03
1.151287418788108e+03
1.189847244489923e+03
1.053426791065881e+03
1.296708671803583e+03
1.457158957737137e+03
1.159448781433982e+03
1.049412320276530e+03
1.276448500926550e+03
1.227165124267035e+03
1.109927138916240e+03
1.279593748701424e+03
1.122874251135336e+03
1.000909205592371e+03
1.174944646585174e+03
1.161623965326520e+03
1.183396615796223e+03
1.508616135562033e+03
1.098780318663554e+03
1.174797725448029e+03
1.391351412619917e+03
1.040444969487854e+03
1.330900202197652e+03
1.179266797614306e+03
1.281101633314222e+03
1.169821673937538e+03
1.250436630810556e+03
1.190999867441723e+03
1.546587816719904e+03
1.178240212589020e+03
1.279266567255157e+03
1.157358699077417e+03
1.130322319679296e+03
1.360036316179385e+03
1.099404487063756e+03
1.277495498434465e+03
1.293579572985537e+03
1.118829046865105e+03
1.352021356550771e+03
1.305674834752737e+03
1.178566679638401e+03
1.118537639287580e+03
1.330248607529047e+03
1.157092536681029e+03
1.135687933257190e+03
8.816529194477587e+02
1.258479524555098e+03
1.159908617846145e+03
1.144304569646882e+03
9.493544663500389e+02
1.216364310317367e+03
1.269575514663878e+03
1.142536154222433e+03
1.120840741235100e+03
1.133104696785713e+03
1.169566198090263e+03
1.288156585270465e+03
9.588095561775285e+02
9.668189601287195e+02
1.182194094983339e+03
1.223550012373090e+03
1.065923410501946e+03
1.430045913287837e+03
1.227076199803390e+03
1.295830199442724e+03
1.129627501321559e+03
1.016015916648567e+03
1.046696526502478e+03
1.233907831869831e+03
1.374811321836818e+03
1.163728925360513e+03
